4294967278,132
4294967278,131
4294967278,130
4294967278,129
4294967278,128
4294967278,127
4294967278,126
4294967278,125
4294967278,124
4294967278,123
4294967278,122
4294967278,121
4294967278,120
4294967278,119
4294967278,118
4294967278,117
4294967278,116
4294967278,115
4294967278,114
4294967278,113
4294967278,112
4294967278,111
4294967278,110
4294967278,109
4294967278,108
4294967278,107
4294967278,106
4294967278,105
4294967278,104
4294967278,103
4294967278,102
4294967278,101
4294967278,100
4294967278,99
4294967278,98
4294967278,97
4294967278,96
4294967278,95
4294967278,94
4294967278,93
4294967278,91
4294967278,87
4294967278,86
4294967278,85
4294967278,84
4294967278,83
4294967278,82
4294967278,80
4294967278,76
4294967278,75
4294967278,74
4294967278,73
4294967278,71
4294967278,67
4294967278,64
4294967278,62
4294967278,59
4294967278,58
4294967278,53
4294967278,51
4294967278,50
4294967278,49
4294967278,47
4294967278,46
4294967278,45
4294967279,46
4294967279,44
4294967279,41
4294967279,40
4294967279,39
4294967279,290
4294967279,20
4294967279,18
4294967279,17
4294967279,16
4294967279,14
4294967279,13
4294967279,9
4294967279,8
4294967279,7
4294967279,6
4294967279,5
4294967279,4
4294967279,353
4294967278,544
4294967278,92
4294967294,925
4294967294,114
4294967278,201
4294967279,316
4294967278,543
4294967278,90
4294967278,542
4294967278,89
26,5
4294967278,200
4294967278,199
26,4
26,3
26,2
26,1
4294967279,342
4294967278,198
4294967278,81
4294967278,196
25,4
4294967278,195
25,3
25,2
25,1
4294967278,517
4294967294,926
4294967294,954
4294967278,191
4294967294,968
4294967294,173
4294967294,909
4294967294,422
4294967294,170
4294967294,162
4294967294,163
4294967279,352
4294967278,79
4294967278,516
4294967278,541
4294967278,78
24,6
4294967278,540
4294967278,77
4294967279,351
4294967279,350
4294967278,189
24,5
4294967278,187
4294967294,42
4294967294,83
24,4
4294967278,186
24,3
24,2
24,1
4294967278,539
4294967278,538
4294967278,72
4294967294,43
4294967294,52
4294967294,473
4294967294,395
4294967294,409
4294967294,413
4294967294,178
4294967294,421
4294967294,407
4294967294,179
4294967294,956
4294967294,420
4294967294,384
4294967294,425
4294967294,411
4294967294,168
4294967294,917
4294967294,403
4294967294,466
4294967294,454
4294967294,116
4294967294,468
4294967278,185
4294967278,182
4294967279,337
4294967278,537
4294967278,70
4294967278,514
23,6
4294967278,181
4294967278,536
4294967278,68
4294967279,335
4294967279,308
23,5
23,4
23,3
23,2
23,1
4294967278,535
4294967278,63
4294967294,471
4294967294,120
4294967279,334
4294967278,534
4294967278,61
4294967278,297
22,5
22,4
22,3
22,2
22,1
4294967279,305
4294967278,55
4294967278,296
4294967294,430
4294967278,533
4294967278,54
4294967279,302
4294967278,52
4294967278,295
21,4
21,3
21,2
21,1
4294967278,532
4294967278,48
4294967279,45
4294967279,157
4294967279,42
4294967278,292
4294967279,349
4294967279,329
19,5
4294967294,17
4294967294,99
4294967294,76
4294967294,41
19,4
19,3
19,2
19,1
4294967278,531
0,7
4294967294,27
4294967279,328
4294967278,290
4294967279,36
4294967294,387
4294967294,388
4294967279,296
4294967279,37
4294967279,297
4294967278,530
4294967278,529
4294967279,348
4294967294,469
4294967278,528
4294967278,318
4294967279,321
4294967279,320
4294967278,289
4294967279,347
4294967279,346
4294967279,0
4294967279,32
4294967279,295
4294967278,288
4294967278,527
4294967279,30
4294967279,294
4294967294,392
4294967294,390
4294967294,115
4294967278,526
4294967278,525
4294967294,470
4294967294,2
4294967279,29
4294967279,293
4294967279,327
4294967278,287
4294967279,138
4294967279,27
4294967279,292
4294967278,317
4294967278,137
4294967294,441
4294967294,45
4294967279,25
2,2
4294967279,277
4294967294,912
4294967294,176
4294967294,182
4294967294,1
4294967294,89
4294967278,272
4294967278,275
4294967279,23
4294967279,276
4294967279,134
2,4
4294967278,274
4294967294,5
4294967294,1356
4294967294,426
4294967294,46
4294967294,474
4294967294,907
4294967294,29
4294967294,911
4294967294,186
4294967294,28
4294967294,0
4294967294,957
4294967294,107
4294967294,50
4294967294,91
4294967294,90
4294967294,87
4294967294,86
4294967294,85
4294967294,84
4294967294,419
4294967294,958
4294967294,475
4294967294,955
4294967294,924
4294967294,25
4294967294,26
4294967294,53
4294967294,417
4294967294,51
4294967294,393
4294967294,1357
4294967294,44
4294967294,1358
4294967294,974
4294967294,96
4294967294,94
4294967279,289
4294967294,9
4294967294,8
4294967278,311
4294967294,22
4294967294,93
4294967294,95
4294967294,81
4294967294,971
4294967294,82
4294967294,1355
4294967294,67
4294967294,68
4294967294,11
4294967294,92
4294967294,88
4294967279,345
4294967278,69
4294967278,66
4294967278,65
4294967279,344
4294967278,524
4294967279,256
16,208
4294967278,178
16,207
16,206
16,205
16,204
16,203
